60 61 20 23 44 42 43 1 3 2 4 7 6 99 76 75 73 79 39 14 17 34 
20 48 31 56 51 36 29 68 83 93 86 85 
11 25 38 49 65 93 
10 38 20 54 75 63 70 
77 48 19 32 51 99 3 63 73 66 78 
39 17 33 54 45 50 1 2 72 95 80 86 94 
25 39 17 22 49 31 30 63 5 8 71 70 90 80 85 
1 2 3 4 
57 47 44 45 43 87 69 94 
4 3 2 1 
13 21 66 19 18 57 37 39 50 33 75 89 4 71 8 90 100 87 
24 10 26 66 14 49 39 35 34 2 40 7 67 100 78 
24 10 38 15 21 98 33 37 29 68 75 46 64 72 9 93 78 
61 62 66 67 82 81 85 22 45 41 6 9 75 71 90 95 97 13 19 57 37 36 33 
56 16 33 30 50 68 74 91 87 
24 92 63 48 17 19 18 44 42 28 60 89 73 97 54 30 96 85 79 78 
5 2 6 1 3 4 
89 68 83 86 26 21 48 44 29 3 2 4 7 14 9 99 98 97 78 13 12 59 58 16 54 
10 27 48 77 63 73 83 64 92 69 
60 63 68 86 25 29 40 6 74 90 95 97 39 12 59 55 32 57 30 50 19 18 31 
10 30 60 75 5 65 81 87 97 96 
56 60 61 88 82 26 49 42 40 5 9 96 77 98 95 79 78 59 19 57 30 51 50 53 
62 63 67 80 86 87 24 46 29 1 2 8 98 73 72 71 93 92 11 58 19 18 30 
24 26 12 31 30 45 52 77 3 90 64 67 68 83 73 94 84 
39 55 23 46 32 44 3 40 34 9 75 74 64 68 86 87 
53 66 34 24 22 45 42 40 3 5 6 9 75 70 91 93 92 95 12 48 55 56 50 35 52 
51 66 68 83 86 84 25 23 44 45 29 41 7 6 75 73 70 93 79 38 58 16 32 37 36 53 
24 12 34 27 59 48 78 39 29 41 38 80 92 85 
11 58 17 63 67 51 36 50 77 76 88 2 5 72 83 8 46 29 79 85 
60 27 77 22 10 32 45 28 99 1 6 
10 45 15 48 49 30 29 53 52 99 63 73 7 67 68 41 95 78 
66 49 88 7 70 100 84 
3 1 2 4 
60 62 64 83 80 27 22 49 1 5 8 74 91 93 78 10 12 14 16 33 32 57 55 
63 13 27 59 21 17 49 46 51 45 28 26 40 60 19 74 83 93 92 97 85 
61 65 81 93 22 47 1 77 74 72 70 91 90 100 94 13 58 55 31 37 35 34 
77 20 21 19 57 29 60 99 98 88 4 
25 21 10 46 37 56 28 77 55 63 83 81 97 
24 17 48 57 30 50 41 63 4 71 68 79 65 
61 62 26 48 46 47 1 5 6 8 99 74 73 72 90 100 94 79 38 15 58 54 56 51 50
