24 8 19 10 3 14 15 18 22 16 0 12 11 13 5 1 17 6 20 21 9 4 2 89 66 23 7 29 89 66 23 7 29 89 66 23 7 29 89 66 23 7 29
36 25 40 34 39 32 16 12 38 21 23 33 27 29 10 3 1 35 14 5 2 19 22 24 7 8 20 11 37 30 4 17 28 0 6 26 13 15 18 9 31 91 85 79 9 31 91 85 79 9 31 91 85 79 9 31 91 85 79
10 23 21 5 14 17 3 19 18 11 2 13 4 15 1 16 0 20 9 6 22 12 7 8 66 70 68 66 70 68 66 70 68 66 70 68
4 1 2 0 3 88 48 47 88 48 47 88 48 47 88 48 47
5 2 10 7 9 1 0 8 6 3 4 12 26 68 54 12 26 68 54 12 26 68 54 12 26 68 54
25 2 8 29 10 4 31 0 26 35 24 3 17 13 32 38 40 37 23 15 18 20 33 41 34 5 16 22 6 19 9 11 28 12 7 39 14 27 36 42 1 92 30 46 76 85 67 21 80 53 92 30 46 76 85 67 21 80 53 92 30 46 76 85 67 21 80 53 92 30 46 76 85 67 21 80 53
37 17 10 36 19 24 16 31 22 20 33 3 41 13 11 5 4 32 26 7 27 43 25 21 1 39 42 23 14 2 29 38 35 40 6 28 9 12 34 0 15 50 52 8 18 71 30 84 47 99 15 50 52 8 18 71 30 84 47 99 15 50 52 8 18 71 30 84 47 99 15 50 52 8 18 71 30 84 47 99
0 17 14 4 12 6 8 13 11 2 7 15 18 5 3 10 1 19 16 9 71 22 71 22 71 22 71 22
5 7 1 6 8 2 4 3 0 10 13 11 9 72 32 12 72 32 12 72 32 12 72 32 12
18 9 13 10 25 16 24 5 3 6 2 12 15 11 8 23 14 17 26 21 4 19 22 20 1 7 0 7 0 7 0 7 0
4 1 23 25 14 17 2 12 16 5 6 10 9 0 11 7 8 24 3 15 19 20 22 13 26 18 55 36 21 55 36 21 55 36 21 55 36 21
0 3 2 1 2 1 2 1
5 10 8 0 7 1 2 4 9 6 11 3 37 80 50 54 86 37 80 50 54 86 37 80 50 54 86 37 80 50 54 86
7 12 8 11 3 1 4 2 17 16 15 9 0 18 10 13 6 5 14 80 57 49 80 57 49 80 57 49 80 57 49
12 8 22 4 21 0 24 27 25 7 17 14 5 26 10 3 15 11 13 23 19 20 16 2 18 6 9 35 1 43 29 73 31 99 84 35 1 43 29 73 31 99 84 35 1 43 29 73 31 99 84 35 1 43 29 73 31 99 84
4 56 56 56 56 56 56 56 56 56 56
13 11 22 9 0 10 3 6 17 14 23 2 7 16 4 19 18 21 8 12 1 5 43 94 32 20 15 61 8 12 1 5 43 94 32 20 15 61 8 12 1 5 43 94 32 20 15 61 8 12 1 5 43 94 32 20 15 61
13 7 5 3 4 6 2 10 1 12 8 9 0 11 37 17 61 27 37 17 61 27 37 17 61 27 37 17 61 27
1 2 3 1 2 3 1 2 3 1 2 3 1 2 3 1 2 3 1 2 3
18 13 10 17 6 2 8 14 1 12 7 3 9 11 0 15 5 16 4 81 42 41 76 34 81 42 41 76 34 81 42 41 76 34 81 42 41 76 34
